Self Consistent elastic stiffness (GPa) 
Aggregate density =  3.2348 g/cm3 

  210.0808  72.0485  71.9274  -0.4718   3.4569  -1.8080 

   72.0485 245.7227  75.7745   4.7193   0.5990  -3.3891 

   71.9274  75.7745 253.3161   4.5685   6.6133  -0.0322 

   -0.4718   4.7193   4.5685  86.9697  -0.5826   2.2501 

    3.4569   0.5990   6.6133  -0.5826  77.3390   1.5669 

   -1.8080  -3.3891  -0.0322   2.2501   1.5669  75.8371 
