

  Seismic Anisotropy Analysis        AnisEulerSC_Example_Lherzolite


 Phase    1: Forsterite
  Single Crystal Elastic Stiffness Matrix (GPa)
   Isaak et al. (1989); Fujino et al. (1981)
   
  328.0000  69.0000  69.0000   0.0000   0.0000   0.0000 

   69.0000 200.0000  73.0000   0.0000   0.0000   0.0000 

   69.0000  73.0000 235.0000   0.0000   0.0000   0.0000 

    0.0000   0.0000   0.0000  66.7000   0.0000   0.0000 

    0.0000   0.0000   0.0000   0.0000  81.3000   0.0000 

    0.0000   0.0000   0.0000   0.0000   0.0000  80.9000 

  Single Crystal Elastic Compliance Matrix (1/GPa)

    0.0034  -0.0009  -0.0007   0.0000   0.0000  -0.0000 

   -0.0009   0.0059  -0.0016   0.0000   0.0000  -0.0000 

   -0.0007  -0.0016   0.0049   0.0000   0.0000  -0.0000 

    0.0000   0.0000   0.0000   0.0150   0.0000  -0.0000 

    0.0000   0.0000   0.0000   0.0000   0.0123  -0.0000 

    0.0000   0.0000   0.0000   0.0000   0.0000   0.0124 

  Density =  3.2210 g/cm3 

  Voigt average elastic stiffness (GPa)

  209.5174  73.9487  74.0280  -0.2588   4.3173  -2.1419 

   73.9487 255.6102  79.6325   6.0955   0.9399  -4.4992 

   74.0280  79.6325 264.6556   6.0704   8.8307  -0.1563 

   -0.2588   6.0955   6.0704  90.3432  -0.8270   2.9719 

    4.3173   0.9399   8.8307  -0.8270  78.5198   1.7882 

   -2.1419  -4.4992  -0.1563   2.9719   1.7882  76.6462 

  Reuss average elastic stiffness (GPa)

  207.9318  73.2425  73.1698  -0.1679   3.7619  -1.8242 

   73.2425 247.5043  77.5109   5.2012   0.2735  -3.8852 

   73.1698  77.5109 255.5734   5.3458   7.0570  -0.0070 

   -0.1679   5.2012   5.3458  87.3386  -0.7343   2.5409 

    3.7619   0.2735   7.0570  -0.7343  76.6809   1.7654 

   -1.8242  -3.8852  -0.0070   2.5409   1.7654  75.0947 

  Voigt-Reuss-Hill average elastic stiffness (GPa)

  208.7246  73.5956  73.5989  -0.2133   4.0396  -1.9831 

   73.5956 251.5572  78.5717   5.6484   0.6067  -4.1922 

   73.5989  78.5717 260.1145   5.7081   7.9439  -0.0817 

   -0.2133   5.6484   5.7081  88.8409  -0.7806   2.7564 

    4.0396   0.6067   7.9439  -0.7806  77.6003   1.7768 

   -1.9831  -4.1922  -0.0817   2.7564   1.7768  75.8705 

   No. of Grains =    402 
   Grain shape A1:A2:A3 =     3.00    3.00    1.00
   Volume fraction =   0.8300 


 Phase    2: Enstatite
  Single Crystal Elastic Stiffness Matrix (GPa)
   Chai et al. (1997)
   
  236.9000  79.6000  63.2000   0.0000   0.0000   0.0000 

   79.6000 180.5000  56.8000   0.0000   0.0000   0.0000 

   63.2000  56.8000 230.4000   0.0000   0.0000   0.0000 

    0.0000   0.0000   0.0000  84.3000   0.0000   0.0000 

    0.0000   0.0000   0.0000   0.0000  79.4000   0.0000 

    0.0000   0.0000   0.0000   0.0000   0.0000  80.1000 

  Single Crystal Elastic Compliance Matrix (1/GPa)

    0.0051  -0.0020  -0.0009   0.0000   0.0000  -0.0000 

   -0.0020   0.0068  -0.0011   0.0000   0.0000  -0.0000 

   -0.0009  -0.0011   0.0049   0.0000   0.0000  -0.0000 

    0.0000   0.0000   0.0000   0.0119   0.0000  -0.0000 

    0.0000   0.0000   0.0000   0.0000   0.0126  -0.0000 

    0.0000   0.0000   0.0000   0.0000   0.0000   0.0125 

  Density =  3.3060 g/cm3 

  Voigt average elastic stiffness (GPa)

  429.4407 138.4048 137.9384  -1.7060   4.3651  -3.0629 

  138.4048 476.0510 142.1862   6.7069   1.5306  -4.7882 

  137.9384 142.1862 489.4508   5.3560   8.9243   0.0152 

   -1.7060   6.7069   5.3560 170.5049  -0.4684   2.9910 

    4.3651   1.5306   8.9243  -0.4684 156.1680   2.6671 

   -3.0629  -4.7882   0.0152   2.9910   2.6671 153.9565 

  Reuss average elastic stiffness (GPa)

  105.7734  33.9783  33.7715  -0.4866   0.9438  -0.7045 

   33.9783 115.5199  34.4109   1.3730   0.2208  -1.0080 

   33.7715  34.4109 118.8004   0.9767   1.6762   0.0065 

   -0.4866   1.3730   0.9767  41.4980  -0.1112   0.6243 

    0.9438   0.2208   1.6762  -0.1112  38.1687   0.6813 

   -0.7045  -1.0080   0.0065   0.6243   0.6813  37.7162 

  Voigt-Reuss-Hill average elastic stiffness (GPa)

  267.6071  86.1916  85.8549  -1.0963   2.6544  -1.8837 

   86.1916 295.7854  88.2986   4.0400   0.8757  -2.8981 

   85.8549  88.2986 304.1256   3.1664   5.3003   0.0108 

   -1.0963   4.0400   3.1664 106.0014  -0.2898   1.8077 

    2.6544   0.8757   5.3003  -0.2898  97.1684   1.6742 

   -1.8837  -2.8981   0.0108   1.8077   1.6742  95.8363 

   No. of Grains =    158 
   Grain shape A1:A2:A3 =     3.00    3.00    1.00
   Volume fraction =   0.1400 


 Phase    3: Diopside
  Single Crystal Elastic Stiffness Matrix (GPa)
   Isaak et al. (2005)
   
  228.1000  78.8000  70.2000   0.0000   7.9000   0.0000 

   78.8000 181.1000  61.1000   0.0000   5.9000   0.0000 

   70.2000  61.1000 245.4000   0.0000  39.7000   0.0000 

    0.0000   0.0000   0.0000  78.9000   0.0000   6.4000 

    7.9000   5.9000  39.7000   0.0000  68.2000   0.0000 

    0.0000   0.0000   0.0000   6.4000   0.0000  78.1000 

  Single Crystal Elastic Compliance Matrix (1/GPa)

    0.0054  -0.0020  -0.0011   0.0000   0.0002  -0.0000 

   -0.0020   0.0068  -0.0012   0.0000   0.0003  -0.0000 

   -0.0011  -0.0012   0.0051   0.0000  -0.0028  -0.0000 

    0.0000   0.0000   0.0000   0.0128   0.0000  -0.0010 

    0.0002   0.0003  -0.0028   0.0000   0.0162  -0.0000 

    0.0000   0.0000   0.0000  -0.0010   0.0000   0.0129 

  Density =  3.2860 g/cm3 

  Voigt average elastic stiffness (GPa)

  646.5281 208.0884 207.8729  -2.9387   6.8572  -3.5162 

  208.0884 703.6898 211.0484   7.7697   0.8597  -2.9493 

  207.8729 211.0484 702.5637   7.9498  10.2765   1.6679 

   -2.9387   7.7697   7.9498 246.2885   1.1685   2.6061 

    6.8572   0.8597  10.2765   1.1685 229.2413   2.6052 

   -3.5162  -2.9493   1.6679   2.6061   2.6052 228.6799 

  Reuss average elastic stiffness (GPa)

   70.1858  22.4265  22.4716  -0.3934   0.6652  -0.3014 

   22.4265  74.9246  22.4703   0.5603  -0.0225  -0.1339 

   22.4716  22.4703  74.9325   0.5793   0.8670   0.2070 

   -0.3934   0.5603   0.5793  26.2774   0.1614   0.1654 

    0.6652  -0.0225   0.8670   0.1614  24.6974   0.2492 

   -0.3014  -0.1339   0.2070   0.1654   0.2492  24.5535 

  Voigt-Reuss-Hill average elastic stiffness (GPa)

  358.3570 115.2574 115.1723  -1.6660   3.7612  -1.9088 

  115.2574 389.3072 116.7594   4.1650   0.4186  -1.5416 

  115.1723 116.7594 388.7481   4.2645   5.5718   0.9375 

   -1.6660   4.1650   4.2645 136.2829   0.6650   1.3858 

    3.7612   0.4186   5.5718   0.6650 126.9693   1.4272 

   -1.9088  -1.5416   0.9375   1.3858   1.4272 126.6167 

   No. of Grains =     80 
   Grain shape A1:A2:A3 =     3.00    3.00    1.00
   Volume fraction =   0.0300 



  Voigt aggregate elastic stiffness (GPa) 

  253.4170  86.9967  86.9908  -0.5418   4.4002  -2.3121 

   86.9967 299.9143  92.3325   6.2313   1.0202  -4.4932 

   86.9908  92.3325 309.2642   6.0267   8.8872  -0.0776 

   -0.5418   6.2313   6.0267 106.2442  -0.7169   2.9636 

    4.4002   1.0202   8.8872  -0.7169  93.9122   1.9357 

   -2.3121  -4.4932  -0.0776   2.9636   1.9357  92.0307 

  VRH aggregate elastic stiffness (GPa) 

  213.7405  73.2673  73.1944  -0.4637   3.5262  -1.8450 

   73.2673 250.6272  77.2038   4.8999   0.6278  -3.5622 

   73.1944  77.2038 258.1973   4.7548   6.8538  -0.0229 

   -0.4637   4.8999   4.7548  88.7806  -0.5754   2.3436 

    3.5262   0.6278   6.8538  -0.5754  78.7819   1.6317 

   -1.8450  -3.5622  -0.0229   2.3436   1.6317  77.2864 

  Reuss aggregate elastic stiffness (GPa) 

  174.0640  59.5379  59.3980  -0.3856   2.6522  -1.3778 

   59.5379 201.3402  62.0750   3.5684   0.2355  -2.6312 

   59.3980  62.0750 207.1305   3.4829   4.8204   0.0318 

   -0.3856   3.5684   3.4829  71.3171  -0.4338   1.7235 

    2.6522   0.2355   4.8204  -0.4338  63.6515   1.3276 

   -1.3778  -2.6312   0.0318   1.7235   1.3276  62.5421 

  Aggregate density =  3.2348 g/cm3 

  Xs of azimuth = 0 degree 

  Self-consistent scheme:  Mechanical - Willis 1977 
  Initial value = Voigt 
  Max. %error for Greens Tensor = 0.1 
  Max. number SC iterations = 40 
  Max. %error for SC Convergence = 0.1 

  Volume fractions 
  1  VF = 0.83    N grains = 402 
  2  VF = 0.14    N grains = 158 
  3  VF = 0.03    N grains = 80 


  Self Consistent elastic stiffness (GPa) 

  210.0808  72.0485  71.9274  -0.4718   3.4569  -1.8080 

   72.0485 245.7227  75.7745   4.7193   0.5990  -3.3891 

   71.9274  75.7745 253.3161   4.5685   6.6133  -0.0322 

   -0.4718   4.7193   4.5685  86.9697  -0.5826   2.2501 

    3.4569   0.5990   6.6133  -0.5826  77.3390   1.5669 

   -1.8080  -3.3891  -0.0322   2.2501   1.5669  75.8371 
